1.000000000000000000e+00 4.683451030830982160e-09 4.365844635142002468e-09
3.129292929292929415e+01 4.633192434692867419e-09 3.910572319033247616e-09
6.158585858585858830e+01 4.246110863090044059e-09 3.489535157162342718e-09
9.187878787878787534e+01 3.825866093907240871e-09 3.111367940738442853e-09
1.221717171717171766e+02 3.353576864872656690e-09 2.725910216373892378e-09
1.524646464646464779e+02 2.882605759884540030e-09 2.356577101676944961e-09
1.827575757575757507e+02 2.465504055800639888e-09 2.026503356595935531e-09
2.130505050505050519e+02 2.108792138796516867e-09 1.739649451910203138e-09
2.433434343434343532e+02 1.807703290579448133e-09 1.494714501808848670e-09
2.736363636363636260e+02 1.559039353928473488e-09 1.288777832874793862e-09
3.039292929292929557e+02 1.352998237815845308e-09 1.115173941472099589e-09
3.342222222222222285e+02 1.179008233050282503e-09 9.676264752403278254e-10
3.645151515151515014e+02 1.030788248802239345e-09 8.423309673738249135e-10
3.948080808080808310e+02 9.030677556327904729e-10 7.356920587320964663e-10
4.251010101010101039e+02 7.914741695247691491e-10 6.443965737943417731e-10
4.553939393939394336e+02 6.939181118170616295e-10 5.660868902681615710e-10
4.856868686868687064e+02 6.093876143042641010e-10 4.988197206300502726e-10
5.159797979797980361e+02 5.367051379590899977e-10 4.408353112531197367e-10
5.462727272727272521e+02 4.744850620035957417e-10 3.906860257695506257e-10
5.765656565656565817e+02 4.212194801410530910e-10 3.471718170616367013e-10
6.068585858585859114e+02 3.753614494760714839e-10 3.092750703125666359e-10
6.371515151515151274e+02 3.355628568976854780e-10 2.761637031925867538e-10
6.674444444444444571e+02 3.008095473271447590e-10 2.471650053297089867e-10
6.977373737373737868e+02 2.703350225918966895e-10 2.217197273103036384e-10
7.280303030303030027e+02 2.434814754705271388e-10 1.993429265528342482e-10
7.583232323232323324e+02 2.196756327875900131e-10 1.796083843329780255e-10
7.886161616161616621e+02 1.984529598011960576e-10 1.621520518413310928e-10
8.189090909090909918e+02 1.794516777786806513e-10 1.466716923232157484e-10
8.492020202020202078e+02 1.624187130733728268e-10 1.329163332033513299e-10
8.794949494949495374e+02 1.471840894450857552e-10 1.206721656629524947e-10
9.097878787878788671e+02 1.336101331903575335e-10 1.097520614605432392e-10
9.400808080808080831e+02 1.215608311720224057e-10 9.999115879439427972e-11
9.703737373737374128e+02 1.108787859027439742e-10 9.124620801528264332e-11
1.000666666666666742e+03 1.013881893903224457e-10 8.339509016927933312e-11
1.030959595959596072e+03 9.291492938963917614e-11 7.633437899070230649e-11
1.061252525252525402e+03 8.530230159837551043e-11 6.997541948234690190e-11
1.091545454545454504e+03 7.842070176218433676e-11 6.424043945596832395e-11
1.121838383838383834e+03 7.217012174491059241e-11 5.906007947441525016e-11
1.152131313131313163e+03 6.647484002885404362e-11 5.437249116439722128e-11
1.182424242424242493e+03 6.127820594734398823e-11 5.012318015149645311e-11
1.212717171717171823e+03 5.653842924769387439e-11 4.626477445201744698e-11
1.243010101010101152e+03 5.222206738358465200e-11 4.275617693444988451e-11
1.273303030303030255e+03 4.829863002972378671e-11 3.956136935012540905e-11
1.303595959595959584e+03 4.473626297996011499e-11 3.664842691595452779e-11
1.333888888888888914e+03 4.150080327044300839e-11 3.398898167738061105e-11
1.364181818181818244e+03 3.855652636454158981e-11 3.155792425673593945e-11
1.394474747474747574e+03 3.586844966291987909e-11 2.933297595729412162e-11
1.424767676767676903e+03 3.340573670951298609e-11 2.729421248719121697e-11
1.455060606060606005e+03 3.114256630603085120e-11 2.542374941499845244e-11
1.485353535353535335e+03 2.905864027074793826e-11 2.370559933248957104e-11
1.515646464646464665e+03 2.713844062419244552e-11 2.212552670793144215e-11
1.545939393939393995e+03 2.536897280311704949e-11 2.067080339981749992e-11
1.576232323232323324e+03 2.373825616818082247e-11 1.932999054111674466e-11
1.606525252525252654e+03 2.223484301148312918e-11 1.809282130344054061e-11
1.636818181818181984e+03 2.084732439168643194e-11 1.695012974924186236e-11
1.667111111111111086e+03 1.956473311639726606e-11 1.589372607543927423e-11
1.697404040404040416e+03 1.837729169327268156e-11 1.491621323971330001e-11
1.727696969696969745e+03 1.727627174354743107e-11 1.401084573792736580e-11
1.757989898989899075e+03 1.625436962891912694e-11 1.317147697864694259e-11
1.788282828282828405e+03 1.530553685853429100e-11 1.239254877226489887e-11
1.818575757575757734e+03 1.442441800344233444e-11 1.166904658030342638e-11
1.848868686868686837e+03 1.360608691739395560e-11 1.099641861832711352e-11
1.879161616161616166e+03 1.284571188836235647e-11 1.037051724589172686e-11
1.909454545454545496e+03 1.213848755780622028e-11 9.787581281176985474e-12
1.939747474747474826e+03 1.147976074734318592e-11 9.244223944317859509e-12
1.970040404040404155e+03 1.086518568578224032e-11 8.737387633863164769e-12
2.000333333333333485e+03 1.029080939160182538e-11 8.264277002245655904e-12
2.030626262626262815e+03 9.753205447170524507e-12 7.822310041681660973e-12
2.060919191919192144e+03 9.249481921450887256e-12 7.409108310463980908e-12
2.091212121212121474e+03 8.777272251712827613e-12 7.022503706217083558e-12
2.121505050505050804e+03 8.334603329853938597e-12 6.660525863139130843e-12
2.151797979797979679e+03 7.919704207080676414e-12 6.321366215253839747e-12
2.182090909090909008e+03 7.530892675969185433e-12 6.003349276235613810e-12
2.212383838383838338e+03 7.166424136275797369e-12 5.704933296638484901e-12
2.242676767676767668e+03 6.824564078631923163e-12 5.424718674251223805e-12
2.272969696969696997e+03 6.503587548178427079e-12 5.161435227218489050e-12
2.303262626262626327e+03 6.201800432707071920e-12 4.913909998026006180e-12
2.333555555555555657e+03 5.917652317996486383e-12 4.681046021313407733e-12
2.363848484848484986e+03 5.649764572148793414e-12 4.461825856792732681e-12
2.394141414141414316e+03 5.396941280219301812e-12 4.255320260760030668e-12
2.424434343434343646e+03 5.158200857257492922e-12 4.060680735662820593e-12
2.454727272727272975e+03 4.932698192159106855e-12 3.877118865463072523e-12
2.485020202020202305e+03 4.719645135175337336e-12 3.703894797041104092e-12
2.515313131313131635e+03 4.518345516861017623e-12 3.540322802199577459e-12
2.545606060606060510e+03 4.328115945247064653e-12 3.385777227877290965e-12
2.575898989898989839e+03 4.148288019182435075e-12 3.239685857962944568e-12
2.606191919191919169e+03 3.978212749685211976e-12 3.101514397183206358e-12
2.636484848484848499e+03 3.817234246426882588e-12 2.970759681140447615e-12
2.666777777777777828e+03 3.664728104885894951e-12 2.846953302298586680e-12
2.697070707070707158e+03 3.520119337650587030e-12 2.729664476505787451e-12
2.727363636363636488e+03 3.382883087348705097e-12 2.618495374715670756e-12
2.757656565656565817e+03 3.252545855210665070e-12 2.513073626774012402e-12
2.787949494949495147e+03 3.128686784123923150e-12 2.413049127278456882e-12
2.818242424242424477e+03 3.010930082410092356e-12 2.318095209377699797e-12
2.848535353535353806e+03 2.898937322394625666e-12 2.227909754603852022e-12
2.878828282828283136e+03 2.792401012181148809e-12 2.142213313722315169e-12
2.909121212121212011e+03 2.691031533043079949e-12 2.060745259333228862e-12
2.939414141414141341e+03 2.594550551118427756e-12 1.983260610716087794e-12
2.969707070707070670e+03 2.502678640786064665e-12 1.909529245275180100e-12
3.000000000000000000e+03 2.415156307616904722e-12 1.839336442765667878e-12
